5.000000e+00    0.479426e+01
10.000000   0.841471e+01
15.000000   0.997495e+01
20.000000   0.909297e+01
25.000000   0.598472e+00
30.000000   0.141120e+00
35.000000   -0.350783e+01
40.000000   -0.756802e+03
45.000000   -0.977530e+03
50.000000   -0.958924e+03
55.000000   -0.705540e+03
60.000000   -0.279415+03
65.000000   0.215120+03
70.000000   0.656987+03
75.000000   0.938000
80.000000   0.989358
85.000000   0.798487
90.000000   0.412118
95.000000   -0.075151
100.000000  -0.544021
105.000000  -0.879696
110.000000  -0.999990
115.000000  -0.875452
120.000000  -0.536573
125.000000  -0.066322
130.000000  0.420167
135.000000  0.803784
140.000000  0.990607
145.000000  0.934895
150.000000  0.650288
155.000000  0.206467
160.000000  -0.287903
165.000000  -0.711785
170.000000  -0.961397
175.000000  -0.975626
180.000000  -0.750987
185.000000  -0.342481
190.000000  0.149877
195.000000  0.605540
200.000000  0.912945
205.000000  0.996830
210.000000  0.836656
215.000000  0.471639
220.000000  -0.008851
225.000000  -0.487175
230.000000  -0.846220
235.000000  -0.998082
240.000000  -0.905578
245.000000  -0.591358
250.000000  -0.132352
255.000000  0.359058
260.000000  0.762558
265.000000  0.979358
270.000000  0.956376
275.000000  0.699240
280.000000  0.270906
285.000000  -0.223756
290.000000  -0.663634
295.000000  -0.941031
300.000000  -0.988032
305.000000  -0.793127
310.000000  -0.404038
315.000000  0.083974
320.000000  0.551427
325.000000  0.883870
330.000000  0.999912
335.000000  0.871140
340.000000  0.529083
345.000000  0.057487
350.000000  -0.428183
355.000000  -0.809019
360.000000  -0.991779
365.000000  -0.931717
370.000000  -0.643538
375.000000  -0.197799
380.000000  0.296369
385.000000  0.717975
390.000000  0.963795
395.000000  0.973645
400.000000  0.745113
405.000000  0.334151
410.000000  -0.158623
415.000000  -0.612560
420.000000  -0.916522
425.000000  -0.996087
430.000000  -0.831775
435.000000  -0.463816
440.000000  0.017702
445.000000  0.494885
450.000000  0.850904
455.000000  0.998591
460.000000  0.901788
465.000000  0.584197
470.000000  0.123573
475.000000  -0.367305
480.000000  -0.768255
485.000000  -0.981108
490.000000  -0.953753
495.000000  -0.692885
500.000000  -0.262375
505.000000  0.232374
510.000000  0.670229
515.000000  0.943989
520.000000  0.986628
525.000000  0.787705
530.000000  0.395925
535.000000  -0.092791
540.000000  -0.558789
545.000000  -0.887976
550.000000  -0.999755
555.000000  -0.866760
560.000000  -0.521551
565.000000  -0.048649
570.000000  0.436165
575.000000  0.814190
580.000000  0.992873
585.000000  0.928466
590.000000  0.636738
595.000000  0.189115
600.000000  -0.304811
605.000000  -0.724108
610.000000  -0.966118
615.000000  -0.971589
620.000000  -0.739181
625.000000  -0.325796
630.000000  0.167356
635.000000  0.619532
640.000000  0.920026
645.000000  0.995265
650.000000  0.826829
655.000000  0.455956
660.000000  -0.026551
665.000000  -0.502557
670.000000  -0.855520
675.000000  -0.999021
680.000000  -0.897928
685.000000  -0.576990
690.000000  -0.114785
695.000000  0.375524
700.000000  0.773891
705.000000  0.982782
710.000000  0.951055
715.000000  0.686476
720.000000  0.253823
725.000000  -0.240974
730.000000  -0.676772
735.000000  -0.946873
740.000000  -0.985146
745.000000  -0.782222
750.000000  -0.387782
755.000000  0.101601
760.000000  0.566108
765.000000  0.892012
770.000000  0.999520
775.000000  0.862311
780.000000  0.513978
785.000000  0.039806
790.000000  -0.444113
795.000000  -0.819297
800.000000  -0.993889
805.000000  -0.925142
810.000000  -0.629888
815.000000  -0.180416
820.000000  0.313229
825.000000  0.730184
830.000000  0.968364
835.000000  0.969456
840.000000  0.733190
845.000000  0.317414
850.000000  -0.176076
855.000000  -0.626456
860.000000  -0.923458
865.000000  -0.994366
870.000000  -0.821818
875.000000  -0.448060
880.000000  0.035398
885.000000  0.510190
890.000000  0.860069
895.000000  0.999374
900.000000  0.893997
905.000000  0.569738
910.000000  0.105988
915.000000  -0.383712
920.000000  -0.779466
925.000000  -0.984379
930.000000  -0.948282
935.000000  -0.680012
940.000000  -0.245252
945.000000  0.249555
950.000000  0.683262
955.000000  0.949682
960.000000  0.983588
965.000000  0.776676
970.000000  0.379608
975.000000  -0.110402
980.000000  -0.573382
985.000000  -0.895978
990.000000  -0.999207
995.000000  -0.857795
1000.000000 -0.506366
1005.000000 -0.030960
1010.000000 0.452026
1015.000000 0.824340
1020.000000 0.994827
1025.000000 0.921745
1030.000000 0.622989
1035.000000 0.171702
1040.000000 -0.321622
1045.000000 -0.736203
1050.000000 -0.970535
1055.000000 -0.967247
1060.000000 -0.727143
1065.000000 -0.309008
1070.000000 0.184782
1075.000000 0.633331
1080.000000 0.926819
1085.000000 0.993389
1090.000000 0.816743
1095.000000 0.440129
1100.000000 -0.044243
1105.000000 -0.517783
1110.000000 -0.864551
1115.000000 -0.999648
1120.000000 -0.889996
1125.000000 -0.562441
1130.000000 -0.097182
1135.000000 0.391871
1140.000000 0.784980
1145.000000 0.985899
1150.000000 0.945435
1155.000000 0.673496
1160.000000 0.236661
1165.000000 -0.258116
1170.000000 -0.689698
1175.000000 -0.952418
1180.000000 -0.981952
1185.000000 -0.771071
1190.000000 -0.371404
1195.000000 0.119195
1200.000000 0.580611
1205.000000 0.899873
1210.000000 0.998815
1215.000000 0.853212
1220.000000 0.498713
1225.000000 0.022112
1230.000000 -0.459903
1235.000000 -0.829318
1240.000000 -0.995687
1245.000000 -0.918277
1250.000000 -0.616040
1255.000000 -0.162976
1260.000000 0.329991
1265.000000 0.742164
1270.000000 0.972630
1275.000000 0.964962
1280.000000 0.721038
1285.000000 0.300578
1290.000000 -0.193473
1295.000000 -0.640156
1300.000000 -0.930106
1305.000000 -0.992334
1310.000000 -0.811603
1315.000000 -0.432164
1320.000000 0.053084
1325.000000 0.525335
1330.000000 0.868966
1335.000000 0.999844
1340.000000 0.885925
1345.000000 0.555101
1350.000000 0.088369
1355.000000 -0.399999
1360.000000 -0.790433
1365.000000 -0.987342
1370.000000 -0.942514
1375.000000 -0.666927
1380.000000 -0.228052
1385.000000 0.266657
1390.000000 0.696080
1395.000000 0.955078
1400.000000 0.980240
1405.000000 0.765404
1410.000000 0.363171
1415.000000 -0.127979
1420.000000 -0.587795
1425.000000 -0.903699
1430.000000 -0.998345
1435.000000 -0.848562
1440.000000 -0.491022
1445.000000 -0.013262
1450.000000 0.467745
1455.000000 0.834232
1460.000000 0.996469
1465.000000 0.914736
1470.000000 0.609044
1475.000000 0.154237
1480.000000 -0.338333
1485.000000 -0.748068
1490.000000 -0.974649
1495.000000 -0.962602
1500.000000 -0.714876
1505.000000 -0.292124
1510.000000 0.202150
1515.000000 0.646931
1520.000000 0.933321
1525.000000 0.991201
1530.000000 0.806401
1535.000000 0.424165
1540.000000 -0.061920
1545.000000 -0.532846
1550.000000 -0.873312
1555.000000 -0.999961
1560.000000 -0.881785
1565.000000 -0.547717
1570.000000 -0.079549
1575.000000 0.408096
1580.000000 0.795824
1585.000000 0.988707
1590.000000 0.939520
1595.000000 0.660305
1600.000000 0.219425
